                  Time                  QLh                   IPL                   IBS                   Iohm                  Vexp                  L                     V                     ICD 
      0.16000000355105      0.15000000000000      0.17000000000000      0.00644256651867      0.16163396109958      1.61500000000000      0.63993178034650      1.21694341659695      0.00000000000000
      0.16010000355697      0.15000000000000      0.17000000000000      0.00644176150672      0.16163480982027      1.61500000000000      0.63995730330613      1.21686134658084      0.00000000000000
      0.16020000356289      0.15000000000000      0.17000000000000      0.00644088664558      0.16163565495921      1.61500000000000      0.63998244795181      1.21677938559448      0.00000000000000
      0.16030000356881      0.15000000000000      0.17000000000000      0.00644000479952      0.16163649421445      1.61500000000000      0.64000749123053      1.21669852009420      0.00000000000000
      0.16040000357473      0.15000000000000      0.17000000000000      0.00643910141662      0.16163732996804      1.61500000000000      0.64003237939518      1.21661935629792      0.00000000000000
      0.16050000358064      0.15000000000000      0.17000000000000      0.00643828185275      0.16163815976038      1.61500000000000      0.64005705175563      1.21653921704184      0.00000000000000
      0.16060000358656      0.15000000000000      0.17000000000000      0.00643743085675      0.16163899538465      1.61500000000000      0.64008140639817      1.21646136072862      0.00000000000000
      0.16070000359248      0.15000000000000      0.17000000000000      0.00643657345790      0.16163981554844      1.61500000000000      0.64010575940380      1.21638116287866      0.00000000000000
      0.16080000359840      0.15000000000000      0.17000000000000      0.00643578416202      0.16164063146643      1.61500000000000      0.64012985572872      1.21630272972243      0.00000000000000
      0.16090000360432      0.15000000000000      0.17000000000000      0.00643487670459      0.16164144337939      1.61500000000000      0.64015400396162      1.21622428546387      0.00000000000000
      0.16100000361024      0.15000000000000      0.17000000000000      0.00643409846816      0.16164224975792      1.61500000000000      0.64017814826742      1.21614573953715      0.00000000000000
      0.16110000361616      0.15000000000000      0.17000000000000      0.00643324223347      0.16164305150538      1.61500000000000      0.64020186266437      1.21606915958117      0.00000000000000
      0.16120000362207      0.15000000000000      0.17000000000000      0.00643243140075      0.16164384915293      1.61500000000000      0.64022555604714      1.21599152302382      0.00000000000000
      0.16130000362799      0.15000000000000      0.17000000000000      0.00643161765765      0.16164464177981      1.61500000000000      0.64024882601783      1.21591481150743      0.00000000000000
      0.16140000363391      0.15000000000000      0.17000000000000      0.00643078237772      0.16164543035359      1.61500000000000      0.64027207033451      1.21583911985880      0.00000000000000
      0.16150000363983      0.15000000000000      0.17000000000000      0.00642994942609      0.16164621406095      1.61500000000000      0.64029533634190      1.21576206733026      0.00000000000000
      0.16160000364575      0.15000000000000      0.17000000000000      0.00642914848868      0.16164699227438      1.61500000000000      0.64031853154715      1.21568452692945      0.00000000000000
      0.16170000365167      0.15000000000000      0.17000000000000      0.00642832543235      0.16164776900408      1.61500000000000      0.64034166965321      1.21560814388838      0.00000000000000
      0.16180000365758      0.15000000000000      0.17000000000000      0.00642755185254      0.16164853867046      1.61500000000000      0.64036445406818      1.21553424824392      0.00000000000000
      0.16190000366350      0.15000000000000      0.17000000000000      0.00642678875010      0.16164930424820      1.61500000000000      0.64038713999009      1.21545896736120      0.00000000000000
      0.16200000366942      0.15000000000000      0.17000000000000      0.00642598955892      0.16165006521210      1.61500000000000      0.64040987704315      1.21538402069107      0.00000000000000
      0.16210000367534      0.15000000000000      0.17000000000000      0.00642522296403      0.16165082187100      1.61500000000000      0.64043224719243      1.21531010563489      0.00000000000000
      0.16220000368126      0.15000000000000      0.17000000000000      0.00642443075776      0.16165157506867      1.61500000000000      0.64045470663078      1.21523815449322      0.00000000000000
      0.16230000368718      0.15000000000000      0.17000000000000      0.00642361526843      0.16165232284888      1.61500000000000      0.64047668974124      1.21516435491734      0.00000000000000
      0.16240000369309      0.15000000000000      0.17000000000000      0.00642283703201      0.16165306674191      1.61500000000000      0.64049863548569      1.21509234875759      0.00000000000000
      0.16250000369901      0.15000000000000      0.17000000000000      0.00642210303340      0.16165380668351      1.61500000000000      0.64052042793218      1.21502069119063      0.00000000000000
      0.16260000370493      0.15000000000000      0.17000000000000      0.00642135215458      0.16165454158199      1.61500000000000      0.64054238716791      1.21494883824589      0.00000000000000
      0.16270000371085      0.15000000000000      0.17000000000000      0.00642052851617      0.16165527288173      1.61500000000000      0.64056386742603      1.21487716726432      0.00000000000000
      0.16280000371677      0.15000000000000      0.17000000000000      0.00641983817331      0.16165599987374      1.61500000000000      0.64058538770010      1.21480746249948      0.00000000000000
      0.16290000372269      0.15000000000000      0.17000000000000      0.00641905586235      0.16165672258048      1.61500000000000      0.64060674018528      1.21473600548302      0.00000000000000
      0.16300000372861      0.15000000000000      0.17000000000000      0.00641833408736      0.16165744099068      1.61500000000000      0.64062805761772      1.21466761458218      0.00000000000000
      0.16310000373452      0.15000000000000      0.17000000000000      0.00641761405859      0.16165815515370      1.61500000000000      0.64064927831066      1.21459778842759      0.00000000000000
      0.16320000374044      0.15000000000000      0.17000000000000      0.00641684164293      0.16165886618215      1.61500000000000      0.64067032049303      1.21452864858375      0.00000000000000
      0.16330000374636      0.15000000000000      0.17000000000000      0.00641609833110      0.16165957266006      1.61500000000000      0.64069121637606      1.21445936550104      0.00000000000000
      0.16340000375228      0.15000000000000      0.17000000000000      0.00641538586933      0.16166027083271      1.61500000000000      0.64071212966099      1.21428225806959      0.00000000000000
      0.16350000375820      0.15000000000000      0.17000000000000      0.00641464663204      0.16166097233801      1.61500000000000      0.64073249720752      1.21432915347208      0.00000000000000
      0.16360000376412      0.15000000000000      0.17000000000000      0.00641392136458      0.16166166766890      1.61500000000000      0.64075297968647      1.21426731322850      0.00000000000000
      0.16370000377003      0.15000000000000      0.17000000000000      0.00641317164991      0.16166235949030      1.61500000000000      0.64077316921960      1.21420250408671      0.00000000000000
      0.16380000377595      0.15000000000000      0.17000000000000      0.00641245802399      0.16166304500964      1.61500000000000      0.64079342489930      1.21413454766746      0.00000000000000
      0.16390000378187      0.15000000000000      0.17000000000000      0.00641173915938      0.16166372792583      1.61500000000000      0.64081355780398      1.21406608829446      0.00000000000000
      0.16400000378779      0.15000000000000      0.17000000000000      0.00641103019007      0.16166440695549      1.61500000000000      0.64083376345631      1.21399881784960      0.00000000000000
      0.16410000379371      0.15000000000000      0.17000000000000      0.00641031539999      0.16166508139627      1.61500000000000      0.64085372287925      1.21393219976987      0.00000000000000
      0.16420000379963      0.15000000000000      0.17000000000000      0.00640962389298      0.16166575288216      1.61500000000000      0.64087339905277      1.21386693604531      0.00000000000000
      0.16430000380554      0.15000000000000      0.17000000000000      0.00640889047645      0.16166642020723      1.61500000000000      0.64089301530597      1.21380086626533      0.00000000000000
      0.16440000381146      0.15000000000000      0.17000000000000      0.00640822283458      0.16166708325070      1.61500000000000      0.64091238829378      1.21373590641467      0.00000000000000
      0.16450000381738      0.15000000000000      0.17000000000000      0.00640755402856      0.16166774342158      1.61500000000000      0.64093167553397      1.21367114924263      0.00000000000000
      0.16460000382330      0.15000000000000      0.17000000000000      0.00640684738755      0.16166839857172      1.61500000000000      0.64095095899456      1.21360682025776      0.00000000000000
      0.16470000382922      0.15000000000000      0.17000000000000      0.00640617450699      0.16166905091809      1.61500000000000      0.64097032243980      1.21354270453829      0.00000000000000
      0.16480000383514      0.15000000000000      0.17000000000000      0.00640547368675      0.16166969827632      1.61500000000000      0.64098944936468      1.21348780219652      0.00000000000000
      0.16490000384106      0.15000000000000      0.17000000000000      0.00640483223833      0.16167034288181      1.61500000000000      0.64100846846710      1.21342774102983      0.00000000000000
      0.16500000384697      0.15000000000000      0.17000000000000      0.00640416692477      0.16167098343968      1.61500000000000      0.64102741080774      1.21336543806590      0.00000000000000
      0.16510000385289      0.15000000000000      0.17000000000000      0.00640354061034      0.16167162058872      1.61500000000000      0.64104617689220      1.21330290463904      0.00000000000000
      0.16520000385881      0.15000000000000      0.17000000000000      0.00640282640234      0.16167225535079      1.61500000000000      0.64106478162661      1.21324044046635      0.00000000000000
      0.16530000386473      0.15000000000000      0.17000000000000      0.00640216632746      0.16167288517358      1.61500000000000      0.64108341010262      1.21317886602782      0.00000000000000
      0.16540000387065      0.15000000000000      0.17000000000000      0.00640154641587      0.16167351112031      1.61500000000000      0.64110179334780      1.21311651308817      0.00000000000000
      0.16550000387657      0.15000000000000      0.17000000000000      0.00640091660898      0.16167413413431      1.61500000000000      0.64112002030034      1.21305451902285      0.00000000000000
      0.16560000388248      0.15000000000000      0.17000000000000      0.00640026060864      0.16167475301441      1.61500000000000      0.64113818291309      1.21299345496195      0.00000000000000
      0.16570000388840      0.15000000000000      0.17000000000000      0.00639963313006      0.16167536977371      1.61500000000000      0.64115631790297      1.21293285135975      0.00000000000000
      0.16580000389432      0.15000000000000      0.17000000000000      0.00639895501081      0.16167598117156      1.61500000000000      0.64117447371110      1.21287238055775      0.00000000000000
      0.16590000390024      0.15000000000000      0.17000000000000      0.00639835314360      0.16167659010867      1.61500000000000      0.64119259810893      1.21281224022236      0.00000000000000
      0.16600000390616      0.15000000000000      0.17000000000000      0.00639770936687      0.16167719533275      1.61500000000000      0.64121044234402      1.21275174782088      0.00000000000000
      0.16610000391208      0.15000000000000      0.17000000000000      0.00639709294774      0.16167779731472      1.61500000000000      0.64122818462200      1.21269230491475      0.00000000000000
      0.16620000391799      0.15000000000000      0.17000000000000      0.00639646896161      0.16167839545251      1.61500000000000      0.64124570244100      1.21263290371398      0.00000000000000
      0.16630000392391      0.15000000000000      0.17000000000000      0.00639591016807      0.16167899071206      1.61500000000000      0.64126307581842      1.21257464200741      0.00000000000000
      0.16640000392983      0.15000000000000      0.17000000000000      0.00639520992991      0.16167958275515      1.61500000000000      0.64128041456164      1.21251509593149      0.00000000000000
      0.16650000393575      0.15000000000000      0.17000000000000      0.00639463891275      0.16168017004764      1.61500000000000      0.64129780771011      1.21245722668542      0.00000000000000
      0.16660000394167      0.15000000000000      0.17000000000000      0.00639400561340      0.16168075617130      1.61500000000000      0.64131512020451      1.21239956566032      0.00000000000000
      0.16670000394759      0.15000000000000      0.17000000000000      0.00639341073111      0.16168133685369      1.61500000000000      0.64133208356021      1.21234181652098      0.00000000000000
      0.16680000395351      0.15000000000000      0.17000000000000      0.00639278907329      0.16168191578374      1.61500000000000      0.64134900636878      1.21228337233553      0.00000000000000
      0.16690000395942      0.15000000000000      0.17000000000000      0.00639223144390      0.16168249083539      1.61500000000000      0.64136584715453      1.21222621795973      0.00000000000000
      0.16700000396534      0.15000000000000      0.17000000000000      0.00639164063614      0.16168306254292      1.61500000000000      0.64138274333903      1.21216874769176      0.00000000000000
      0.16710000397126      0.15000000000000      0.17000000000000      0.00639100617263      0.16168363168248      1.61500000000000      0.64139940063483      1.21211387828475      0.00000000000000
      0.16720000397718      0.15000000000000      0.17000000000000      0.00639039964881      0.16168419903270      1.61500000000000      0.64141623492679      1.21205706256055      0.00000000000000
      0.16730000398310      0.15000000000000      0.17000000000000      0.00638987869024      0.16168476091297      1.61500000000000      0.64143265166081      1.21200166844301      0.00000000000000
      0.16740000398902      0.15000000000000      0.17000000000000      0.00638924713712      0.16168532038205      1.61500000000000      0.64144909452017      1.21194674862880      0.00000000000000
      0.16750000399493      0.15000000000000      0.17000000000000      0.00638872967102      0.16168587623195      1.61500000000000      0.64146556459809      1.21189102206638      0.00000000000000
      0.16760000400085      0.15000000000000      0.17000000000000      0.00638806377538      0.16168642961943      1.61500000000000      0.64148198864344      1.21183592509743      0.00000000000000
      0.16770000400677      0.15000000000000      0.17000000000000      0.00638754048850      0.16168697896449      1.61500000000000      0.64149782734938      1.21178106491808      0.00000000000000
      0.16780000401269      0.15000000000000      0.17000000000000      0.00638697994873      0.16168752533976      1.61500000000000      0.64151381797321      1.21172771010873      0.00000000000000
      0.16790000401861      0.15000000000000      0.17000000000000      0.00638642464764      0.16168806856567      1.61500000000000      0.64152977568315      1.21167366902079      0.00000000000000
      0.16800000402453      0.15000000000000      0.17000000000000      0.00638584315311      0.16168860825739      1.61500000000000      0.64154571608951      1.21162024034320      0.00000000000000
      0.16810000403044      0.15000000000000      0.17000000000000      0.00638526282273      0.16168914593944      1.61500000000000      0.64156146105570      1.21156622898664      0.00000000000000
      0.16820000403636      0.15000000000000      0.17000000000000      0.00638469588012      0.16168968000816      1.61500000000000      0.64157736499844      1.21151398330030      0.00000000000000
      0.16830000404228      0.15000000000000      0.17000000000000      0.00638412486296      0.16169021142896      1.61500000000000      0.64159306568619      1.21146046147606      0.00000000000000
      0.16840000404820      0.15000000000000      0.17000000000000      0.00638361263555      0.16169073945086      1.61500000000000      0.64160836363971      1.21140803928153      0.00000000000000
      0.16850000405412      0.15000000000000      0.17000000000000      0.00638303463347      0.16169126508408      1.61500000000000      0.64162385136150      1.21135584621077      0.00000000000000
      0.16860000406004      0.15000000000000      0.17000000000000      0.00638246012386      0.16169178720357      1.61500000000000      0.64163919739489      1.21130325230444      0.00000000000000
      0.16870000406596      0.15000000000000      0.17000000000000      0.00638197525404      0.16169230617681      1.61500000000000      0.64165463553429      1.21125271602083      0.00000000000000
      0.16880000407187      0.15000000000000      0.17000000000000      0.00638143043034      0.16169282248891      1.61500000000000      0.64166980931452      1.21120219344531      0.00000000000000
      0.16890000407779      0.15000000000000      0.17000000000000      0.00638089026324      0.16169333575433      1.61500000000000      0.64168499250935      1.21115096779296      0.00000000000000
      0.16900000408371      0.15000000000000      0.17000000000000      0.00638035242446      0.16169384648457      1.61500000000000      0.64169989133186      1.21109912893955      0.00000000000000
      0.16910000408963      0.15000000000000      0.17000000000000      0.00637979188468      0.16169435392926      1.61500000000000      0.64171441593481      1.21104813630656      0.00000000000000
      0.16920000409555      0.15000000000000      0.17000000000000      0.00637931982055      0.16169485848925      1.61500000000000      0.64172925473861      1.21099893653572      0.00000000000000
      0.16930000410147      0.15000000000000      0.17000000000000      0.00637875811663      0.16169536041229      1.61500000000000      0.64174398290874      1.21094835040087      0.00000000000000
      0.16940000410738      0.15000000000000      0.17000000000000      0.00637822493445      0.16169585959789      1.61500000000000      0.64175856148734      1.21089897147782      0.00000000000000
      0.16950000411330      0.15000000000000      0.17000000000000      0.00637774239294      0.16169624945318      1.61500000000000      0.64177308180964      1.21084698000611      0.00000000000000
      0.16960000411922      0.15000000000000      0.17000000000000      0.00637721095700      0.16169674419255      1.61500000000000      0.64178741528929      1.21081898333279      0.00000000000000
      0.16970000412514      0.15000000000000      0.17000000000000      0.00637666438706      0.16169723495820      1.61500000000000      0.64180162044369      1.21076512559676      0.00000000000000
      0.16980000413106      0.15000000000000      0.17000000000000      0.00637613877188      0.16169772270065      1.61500000000000      0.64181603429708      1.21071427446595      0.00000000000000
      0.16990000413698      0.15000000000000      0.17000000000000      0.00637564167846      0.16169820847273      1.61500000000000      0.64183022906837      1.21066426116749      0.00000000000000
      0.17000000414289      0.15000000000000      0.17000000000000      0.00637514225673      0.16169869087823      1.61500000000000      0.64184429070182      1.21061552034597      0.00000000000000
      0.17010000414881      0.15000000000000      0.17000000000000      0.00637464923784      0.16169917001439      1.61500000000000      0.64185843192296      1.21056627269289      0.00000000000000
      0.17020000415473      0.15000000000000      0.17000000000000      0.00637416145764      0.16169964746876      1.61500000000000      0.64187229604417      1.21051862683514      0.00000000000000
      0.17030000416065      0.15000000000000      0.17000000000000      0.00637362478301      0.16170012189674      1.61500000000000      0.64188629898690      1.21047048926256      0.00000000000000
      0.17040000416657      0.15000000000000      0.17000000000000      0.00637313525658      0.16170059329913      1.61500000000000      0.64190022949242      1.21042196570467      0.00000000000000
      0.17050000417249      0.15000000000000      0.17000000000000      0.00637269346043      0.16170106236010      1.61500000000000      0.64191394291081      1.21037564637623      0.00000000000000
      0.17060000417841      0.15000000000000      0.17000000000000      0.00637213815935      0.16170152876257      1.61500000000000      0.64192751433952      1.21032858536764      0.00000000000000
      0.17070000418432      0.15000000000000      0.17000000000000      0.00637167599052      0.16170199225033      1.61500000000000      0.64194103727468      1.21028207824897      0.00000000000000
      0.17080000419024      0.15000000000000      0.17000000000000      0.00637120683677      0.16170245314809      1.61500000000000      0.64195432308248      1.21023670306447      0.00000000000000
      0.17090000419616      0.15000000000000      0.17000000000000      0.00637074699625      0.16170291207015      1.61500000000000      0.64196797908880      1.21019052479404      0.00000000000000
      0.17100000420208      0.15000000000000      0.17000000000000      0.00637021905277      0.16170336778650      1.61500000000000      0.64198138828736      1.21014368862688      0.00000000000000
      0.17110000420800      0.15000000000000      0.17000000000000      0.00636976503301      0.16170382109275      1.61500000000000      0.64199464386673      1.21010011172469      0.00000000000000
      0.17120000421392      0.15000000000000      0.17000000000000      0.00636930286419      0.16170427175640      1.61500000000000      0.64200786446117      1.21005410825504      0.00000000000000
      0.17130000421983      0.15000000000000      0.17000000000000      0.00636881974060      0.16170471987671      1.61500000000000      0.64202079654963      1.21000919807894      0.00000000000000
      0.17140000422575      0.15000000000000      0.17000000000000      0.00636835291516      0.16170516531075      1.61500000000000      0.64203385512722      1.20996400457664      0.00000000000000
      0.17150000423167      0.15000000000000      0.17000000000000      0.00636787677649      0.16170560903614      1.61500000000000      0.64204701868177      1.20991931100917      0.00000000000000
      0.17160000423759      0.15000000000000      0.17000000000000      0.00636744138319      0.16170604901157      1.61500000000000      0.64205981770560      1.20987550139416      0.00000000000000
      0.17170000424351      0.15000000000000      0.17000000000000      0.00636690936517      0.16170648768958      1.61500000000000      0.64207247916775      1.20983057501908      0.00000000000000
      0.17180000424943      0.15000000000000      0.17000000000000      0.00636649900116      0.16170692334284      1.61500000000000      0.64208535911296      1.20978795940130      0.00000000000000
      0.17190000425534      0.15000000000000      0.17000000000000      0.00636605138425      0.16170735625929      1.61500000000000      0.64209809051334      1.20974337476356      0.00000000000000
      0.17200000426126      0.15000000000000      0.17000000000000      0.00636557582766      0.16170778699509      1.61500000000000      0.64211082761982      1.20970065877213      0.00000000000000
      0.17210000426718      0.15000000000000      0.17000000000000      0.00636510492768      0.16170821552822      1.61500000000000      0.64212332911729      1.20965781768825      0.00000000000000
      0.17220000427310      0.15000000000000      0.17000000000000      0.00636468175799      0.16170864165285      1.61500000000000      0.64213564582484      1.20961608529654      0.00000000000000
      0.17230000427902      0.15000000000000      0.17000000000000      0.00636421667878      0.16170906469599      1.61500000000000      0.64214802262166      1.20957329084830      0.00000000000000
      0.17240000428494      0.15000000000000      0.17000000000000      0.00636375392787      0.16170948632860      1.61500000000000      0.64216017603380      1.20952996610022      0.00000000000000
      0.17250000429086      0.15000000000000      0.17000000000000      0.00636339071207      0.16170990469009      1.61500000000000      0.64217242045006      1.20948893055436      0.00000000000000
      0.17260000429677      0.15000000000000      0.17000000000000      0.00636291981209      0.16171032143521      1.61500000000000      0.64218459224543      1.20944637959159      0.00000000000000
      0.17270000430269      0.15000000000000      0.17000000000000      0.00636243610643      0.16171073571313      1.61500000000000      0.64219654434507      1.20940481301360      0.00000000000000
      0.17280000430861      0.15000000000000      0.17000000000000      0.00636202574242      0.16171114698644      1.61500000000000      0.64220839405628      1.20936427988473      0.00000000000000
      0.17290000431453      0.15000000000000      0.17000000000000      0.00636155891698      0.16171155710491      1.61500000000000      0.64222028379093      1.20932246914693      0.00000000000000
      0.17300000432045      0.15000000000000      0.17000000000000      0.00636115611997      0.16171196388513      1.61500000000000      0.64223208166245      1.20928167342412      0.00000000000000
      0.17310000432637      0.15000000000000      0.17000000000000      0.00636072596535      0.16171236887994      1.61500000000000      0.64224413611482      1.20924191711206      0.00000000000000
      0.17320000433228      0.15000000000000      0.17000000000000      0.00636027893052      0.16171277196385      1.61500000000000      0.64225585598007      1.20920134758612      0.00000000000000
      0.17330000433820      0.15000000000000      0.17000000000000      0.00635990058072      0.16171317162511      1.61500000000000      0.64226753814082      1.20916054750149      0.00000000000000
      0.17340000434412      0.15000000000000      0.17000000000000      0.00635948672425      0.16171356964906      1.61500000000000      0.64227890588032      1.20912087856230      0.00000000000000
      0.17350000435004      0.15000000000000      0.17000000000000      0.00635901582427      0.16171396538128      1.61500000000000      0.64229046911733      1.20908051191094      0.00000000000000
      0.17360000435596      0.15000000000000      0.17000000000000      0.00635860662442      0.16171435904568      1.61500000000000      0.64230200106822      1.20904115335163      0.00000000000000
      0.17370000436188      0.15000000000000      0.17000000000000      0.00635819858871      0.16171475010216      1.61500000000000      0.64231366875643      1.20900224631959      0.00000000000000
      0.17380000436779      0.15000000000000      0.17000000000000      0.00635779229924      0.16171513950304      1.61500000000000      0.64232518405519      1.20896284640717      0.00000000000000
      0.17390000437371      0.15000000000000      0.17000000000000      0.00635740172584      0.16171552666717      1.61500000000000      0.64233632506705      1.20892321695569      0.00000000000000
      0.17400000437963      0.15000000000000      0.17000000000000      0.00635702162981      0.16171591115388      1.61500000000000      0.64234752663300      1.20888473639096      0.00000000000000
      0.17410000438555      0.15000000000000      0.17000000000000      0.00635652628262      0.16171629475434      1.61500000000000      0.64235860732816      1.20884687779743      0.00000000000000
      0.17420000439147      0.15000000000000      0.17000000000000      0.00635617121588      0.16171667438222      1.61500000000000      0.64236969704442      1.20880823067206      0.00000000000000
      0.17430000439739      0.15000000000000      0.17000000000000      0.00635572941974      0.16171705280651      1.61500000000000      0.64238071601810      1.20876910345560      0.00000000000000
      0.17440000440331      0.15000000000000      0.17000000000000      0.00635533942841      0.16171742940444      1.61500000000000      0.64239173059628      1.20873196948916      0.00000000000000
      0.17450000440922      0.15000000000000      0.17000000000000      0.00635494943708      0.16171780373579      1.61500000000000      0.64240265082823      1.20869379702002      0.00000000000000
      0.17460000441514      0.15000000000000      0.17000000000000      0.00635456992313      0.16171817558704      1.61500000000000      0.64241338261078      1.20865689189698      0.00000000000000
      0.17470000442106      0.15000000000000      0.17000000000000      0.00635417527519      0.16171854515643      1.61500000000000      0.64242404209266      1.20861979228067      0.00000000000000
      0.17480000442698      0.15000000000000      0.17000000000000      0.00635380973108      0.16171891290381      1.61500000000000      0.64243473890299      1.20858221623761      0.00000000000000
      0.17490000443290      0.15000000000000      0.17000000000000      0.00635345524643      0.16171927890921      1.61500000000000      0.64244555270381      1.20854586266161      0.00000000000000
      0.17500000443882      0.15000000000000      0.17000000000000      0.00635298958514      0.16171964267054      1.61500000000000      0.64245624632147      1.20850891407905      0.00000000000000
      0.17510000444473      0.15000000000000      0.17000000000000      0.00635262520518      0.16172000451211      1.61500000000000      0.64246683148511      1.20847301640574      0.00000000000000
      0.17520000445065      0.15000000000000      0.17000000000000      0.00635227013845      0.16172036403414      1.61500000000000      0.64247729314086      1.20843639010859      0.00000000000000
      0.17530000445657      0.15000000000000      0.17000000000000      0.00635189702734      0.16172072134745      1.61500000000000      0.64248775542943      1.20840064312031      0.00000000000000
      0.17540000446249      0.15000000000000      0.17000000000000      0.00635151460301      0.16172107709074      1.61500000000000      0.64249814800388      1.20836409231501      0.00000000000000
      0.17550000446841      0.15000000000000      0.17000000000000      0.00635110947769      0.16172143133692      1.61500000000000      0.64250832568674      1.20832929385088      0.00000000000000
      0.17560000447433      0.15000000000000      0.17000000000000      0.00635074276943      0.16172178249981      1.61500000000000      0.64251864382847      1.20829315169357      0.00000000000000
      0.17570000448025      0.15000000000000      0.17000000000000      0.00635036849417      0.16172213230882      1.61500000000000      0.64252880782950      1.20825680403561      0.00000000000000
      0.17580000448616      0.15000000000000      0.17000000000000      0.00634998956230      0.16172248017819      1.61500000000000      0.64253890065517      1.20822265236377      0.00000000000000
      0.17590000449208      0.15000000000000      0.17000000000000      0.00634963274933      0.16172282536534      1.61500000000000      0.64254871597534      1.20818783306513      0.00000000000000
      0.17600000449800      0.15000000000000      0.17000000000000      0.00634929863736      0.16172316933978      1.61500000000000      0.64255893382623      1.20815379969391      0.00000000000000
      0.17610000450392      0.15000000000000      0.17000000000000      0.00634893192910      0.16172351196854      1.61500000000000      0.64256893269431      1.20811937766140      0.00000000000000
      0.17620000450984      0.15000000000000      0.17000000000000      0.00634853204247      0.16172385159197      1.61500000000000      0.64257873979882      1.20808413718484      0.00000000000000
      0.17630000451576      0.15000000000000      0.17000000000000      0.00634814030491      0.16172419010177      1.61500000000000      0.64258846761366      1.20805061056243      0.00000000000000
      0.17640000452167      0.15000000000000      0.17000000000000      0.00634783005808      0.16172452557162      1.61500000000000      0.64259801684406      1.20801588117599      0.00000000000000
      0.17650000452759      0.15000000000000      0.17000000000000      0.00634744763374      0.16172486045037      1.61500000000000      0.64260766705997      1.20798169512755      0.00000000000000
      0.17660000453351      0.15000000000000      0.17000000000000      0.00634711352177      0.16172519278209      1.61500000000000      0.64261732454273      1.20794780020957      0.00000000000000
      0.17670000453943      0.15000000000000      0.17000000000000      0.00634675670881      0.16172552355458      1.61500000000000      0.64262715785204      1.20791517653707      0.00000000000000
      0.17680000454535      0.15000000000000      0.17000000000000      0.00634638650808      0.16172585276810      1.61500000000000      0.64263710519604      1.20788165424074      0.00000000000000
      0.17690000455127      0.15000000000000      0.17000000000000      0.00634610187262      0.16172617876603      1.61500000000000      0.64264652120112      1.20784873156036      0.00000000000000
      0.17700000455718      0.15000000000000      0.17000000000000      0.00634569558315      0.16172650450450      1.61500000000000      0.64265598942442      1.20781601550096      0.00000000000000
      0.17710000456310      0.15000000000000      0.17000000000000      0.00634535914287      0.16172682753175      1.61500000000000      0.64266549635943      1.20778345314662      0.00000000000000
      0.17720000456902      0.15000000000000      0.17000000000000      0.00634503317997      0.16172714885291      1.61500000000000      0.64267486998753      1.20775146168456      0.00000000000000
      0.17730000457494      0.15000000000000      0.17000000000000      0.00634469091892      0.16172746829271      1.61500000000000      0.64268399440696      1.20771827350998      0.00000000000000
      0.17740000458086      0.15000000000000      0.17000000000000      0.00634433527011      0.16172778719808      1.61500000000000      0.64269317250231      1.20768666131329      0.00000000000000
      0.17750000458678      0.15000000000000      0.17000000000000      0.00634396565147      0.16172810297228      1.61500000000000      0.64270250307305      1.20765418654182      0.00000000000000
      0.17760000459270      0.15000000000000      0.17000000000000      0.00634365249425      0.16172841687178      1.61500000000000      0.64271190939684      1.20762266419042      0.00000000000000
      0.17770000459861      0.15000000000000      0.17000000000000      0.00634336262010      0.16172872895683      1.61500000000000      0.64272096768319      1.20759102176932      0.00000000000000
      0.17780000460453      0.15000000000000      0.17000000000000      0.00634299300145      0.16172904401597      1.61500000000000      0.64272999211609      1.20756643880471      0.00000000000000
      0.17790000461045      0.15000000000000      0.17000000000000      0.00634269439615      0.16172935361202      1.61500000000000      0.64273883819441      1.20753291662945      0.00000000000000
      0.17800000461637      0.15000000000000      0.17000000000000      0.00634235504549      0.16172966029687      1.61500000000000      0.64274778784120      1.20749839098566      0.00000000000000
      0.17810000462229      0.15000000000000      0.17000000000000      0.00634202093352      0.16172996626695      1.59060874752058      0.64275669295805      1.20746838729774      0.00000000000000
      0.17820000462821      0.15000000000000      0.17000000000000      0.00634169031400      0.16173027012534      1.56350874591669      0.64276564714137      1.20743694345258      0.00000000000000
      0.17830000463412      0.15000000000000      0.17000000000000      0.00634137133602      0.16173057260152      1.53640874431279      0.64277436011179      1.20740610378165      0.00000000000000
      0.17840000464004      0.15000000000000      0.17000000000000      0.00634105002973      0.16173087296340      1.50930874270890      0.64278306003276      1.20737536260466      0.00000000000000
      0.17850000464596      0.15000000000000      0.17000000000000      0.00634070660453      0.16173117186941      1.48220874110501      0.64279170230621      1.20734555162229      0.00000000000000
      0.17860000465188      0.15000000000000      0.17000000000000      0.00634043244645      0.16173146878604      1.45510873950112      0.64280018312471      1.20731513403103      0.00000000000000
      0.17870000465780      0.15000000000000      0.17000000000000      0.00634010939393      0.16173176440901      1.42800873789723      0.64280871520707      1.20728484330465      0.00000000000000
      0.17880000466372      0.15000000000000      0.17000000000000      0.00633976014797      0.16173205832630      1.40090873629333      0.64281719695615      1.20725559411185      0.00000000000000
      0.17890000466963      0.15000000000000      0.17000000000000      0.00633947551250      0.16173235023078      1.37380873468944      0.64282553069260      1.20722533044539      0.00000000000000
      0.17900000467555      0.15000000000000      0.17000000000000      0.00633916992228      0.16173264132151      1.34670873308555      0.64283415099887      1.20719538403590      0.00000000000000
      0.17910000468147      0.15000000000000      0.17000000000000      0.00633884046692      0.16173293015359      1.31735861445967      0.64284264767015      1.20716591632976      0.00000000000000
      0.17920000468739      0.15000000000000      0.17000000000000      0.00633857154753      0.16173321758821      1.28775861270782      0.64285104885163      1.20713684725725      0.00000000000000
      0.17930000469331      0.15000000000000      0.17000000000000      0.00633824500255      0.16173350617881      1.25815861095596      0.64285934030543      1.20710615182800      0.00000000000000
      0.17940000469923      0.15000000000000      0.17000000000000      0.00633791030850      0.16173378980029      1.22855860920411      0.64286750562324      1.20707952062781      0.00000000000000
      0.17950000470515      0.15000000000000      0.17000000000000      0.00633761519566      0.16173407274160      1.19895860745226      0.64287570133878      1.20705009767091      0.00000000000000
      0.17960000471106      0.15000000000000      0.17000000000000      0.00633731950074      0.16173435356626      1.16935860570041      0.64288398628711      1.20702194811039      0.00000000000000
      0.17970000471698      0.15000000000000      0.17000000000000      0.00633702496998      0.16173463320283      1.13975860394855      0.64289211818365      1.20699379181134      0.00000000000000
      0.17980000472290      0.15000000000000      0.17000000000000      0.00633674091659      0.16173491078352      1.11015860219670      0.64290022618919      1.20696528759077      0.00000000000000
      0.17990000472882      0.15000000000000      0.17000000000000      0.00633644056506      0.16173518766019      1.08055860044485      0.64290808184290      1.20693674286658      0.00000000000000
      0.18000000473474      0.15000000000000      0.17000000000000      0.00633615127299      0.16173546203034      1.05095859869299      0.64291629469237      1.20690937645451      0.00000000000000
      0.18010000474066      0.15000000000000      0.17000000000000      0.00633618969005      0.15893002331696      1.07752155474090      0.64289116472896      1.18853781198736      0.00280513230370
      0.18020000474657      0.15000000000000      0.17000000000000      0.00633914140053      0.15434489038129      1.11032155668214      0.64296223203987      1.14630552370633      0.00738956252210
      0.18030000475249      0.15000000000000      0.17000000000000      0.00634398253169      0.15036741398470      1.14312155862338      0.64293600370814      1.09333160037623      0.01136605691456
      0.18040000475841      0.15000000000000      0.17000000000000      0.00634892960079      0.14668157659552      1.17592156056462      0.64282715830108      1.04798662896798      0.01505067782472
      0.18050000476433      0.15000000000000      0.17000000000000      0.00635361648165      0.14360511857978      1.20872156250587      0.64269106544388      1.00238761542984      0.01812557441837
      0.18060000477025      0.15000000000000      0.17000000000000      0.00635899894405      0.14083468000576      1.24152156444711      0.64269835625209      0.96380133804636      0.02089445502869
      0.18070000477617      0.15000000000000      0.17000000000000      0.00637204386294      0.13804399916250      1.27432156638835      0.64241254513395      0.92374962267542      0.02368278383360
      0.18080000478208      0.15000000000000      0.17000000000000      0.00637996825390      0.13482351992379      1.30712156832959      0.64187761087614      0.86369102454861      0.02689981369606
      0.18090000478800      0.15000000000000      0.17000000000000      0.00639110512566      0.13192738819297      1.33992157027083      0.64163241342865      0.82371226166553      0.02979264921689
      0.18100000479392      0.15000000000000      0.17000000000000      0.00640802260023      0.12963184420212      1.37272157221208      0.64158333978148      0.80305783234098      0.03208524028950
      0.18110000479984      0.15000000000000      0.17000000000000      0.00641599181108      0.12714422989318      1.36357933770379      0.64144204951209      0.77395599049262      0.03456998889287
      0.18120000480576      0.15000000000000      0.17000000000000      0.00642168975901      0.12496453939761      1.34977933688704      0.64129819331837      0.76438420888284      0.03674749469957
      0.18130000481168      0.15000000000000      0.17000000000000      0.00642982486170      0.12264592280340      1.33597933607030      0.64120035471714      0.73323142602394      0.03906281949999
      0.18140000481760      0.15000000000000      0.17000000000000      0.00642781669740      0.12041822634219      1.32217933525356      0.64109465343282      0.69642482266360      0.04128390051544
      0.18150000482351      0.15000000000000      0.17000000000000      0.00645656720735      0.11853593336455      1.30837933443682      0.64103472248880      0.65430771517554      0.04316097178763
      0.18160000482943      0.15000000000000      0.17000000000000      0.00646159052849      0.11642993186260      1.29457933362008      0.64107746310305      0.62574640874801      0.04526253733701
      0.18170000483535      0.15000000000000      0.17000000000000      0.00647327047773      0.11454477639719      1.28077933280333      0.64108536895693      0.60579837624211      0.04714300294845
      0.18180000484127      0.15000000000000      0.17000000000000      0.00648627930786      0.11253787097754      1.26697933198659      0.64101324487379      0.58158269917300      0.04914470406053
      0.18190000484719      0.15000000000000      0.17000000000000      0.00649936031550      0.11089898234314      1.25317933116985      0.64079196313975      0.56516707372017      0.05077859502699
      0.18200000485311      0.15000000000000      0.17000000000000      0.00651232374366      0.10901622364282      1.23937933035311      0.64061861288089      0.53764904709209      0.05265549340827
      0.18210000485902      0.15000000000000      0.17000000000000      0.00652654503938      0.10732462410436      1.21558879025040      0.64054506345991      0.51917400072128      0.05434120843593
      0.18220000486494      0.15000000000000      0.17000000000000      0.00653976283502      0.10534166833250      1.19068878877671      0.64045693650847      0.50311589428754      0.05631837599449
      0.18230000487086      0.15000000000000      0.17000000000000      0.00655366806313      0.10377384951206      1.16578878730302      0.64040771870168      0.48353690551457      0.05788076091006
      0.18240000487678      0.15000000000000      0.17000000000000      0.00656771648210      0.10230160963905      1.14088878582934      0.64029731091638      0.47394068615381      0.05934712835946
      0.18250000488270      0.15000000000000      0.17000000000000      0.00658042321447      0.10127749868431      1.11598878435565      0.64012544744001      0.46701773335800      0.06036537886745
      0.18260000488862      0.15000000000000      0.17000000000000      0.00659200944938      0.10012212095357      1.09108878288196      0.64002297450331      0.46533928372000      0.06151500075370
      0.18270000489453      0.15000000000000      0.17000000000000      0.00660405727103      0.09809604054540      1.06618878140828      0.63990456881573      0.44323079915668      0.06353437414846
      0.18280000490045      0.15000000000000      0.17000000000000      0.00662415288389      0.09678936448072      1.04128877993459      0.63970665922263      0.42252610231612      0.06483379980969
      0.18290000490637      0.15000000000000      0.17000000000000      0.00663772050757      0.09526971545399      1.01638877846090      0.63946950696170      0.40621133502216      0.06634606752220
      0.18300000491229      0.15000000000000      0.17000000000000      0.00665119499899      0.09346011015319      0.99148877698722      0.63929365185333      0.39648539383887      0.06814862222490
      0.18310000491821      0.15000000000000      0.17000000000000      0.00666315667331      0.09267482429794      0.99341024096320      0.63918383548402      0.38937414522193      0.06892709694737
      0.18320000492413      0.15000000000000      0.17000000000000      0.00667462358251      0.09109335211543      0.99831024125320      0.63919163726543      0.38126235640465      0.07050170307376
      0.18330000493005      0.15000000000000      0.17000000000000      0.00668763066642      0.09000878048672      1.00321024154321      0.63904010979042      0.36501280837279      0.07157902618209
      0.18340000493596      0.15000000000000      0.17000000000000      0.00670176174026      0.08878174787646      1.00811024183321      0.63891284133275      0.35155913650541      0.07279862260313
      0.18350000494188      0.15000000000000      0.17000000000000      0.00671562156640      0.08749520371562      1.01301024212321      0.63893947566884      0.33511579434299      0.07407740880195
      0.18360000494780      0.15000000000000      0.17000000000000      0.00672983995173      0.08659889114691      1.01791024241321      0.63881981703307      0.32028098319461      0.07496574589895
      0.18370000495372      0.15000000000000      0.17000000000000      0.00674302224070      0.08583903183454      1.02281024270322      0.63860827271853      0.31523769266891      0.07571777940628
      0.18380000495964      0.15000000000000      0.17000000000000      0.00675491755828      0.08505015434160      1.02771024299322      0.63848293519934      0.30983393166213      0.07649898715749
      0.18390000496556      0.15000000000000      0.17000000000000      0.00676667084917      0.08471735038525      1.03261024328322      0.63836764389800      0.30506020788974      0.07682415104134
      0.18400000497147      0.15000000000000      0.17000000000000      0.00676626164932      0.08410622793674      1.03751024357322      0.63811174073850      0.30833055473035      0.07742789746934
      0.18410000497739      0.15000000000000      0.17000000000000      0.00679565593600      0.08370433879219      1.03953008460561      0.63797209408373      0.30138626423790      0.07782170259969
      0.18420000498331      0.15000000000000      0.17000000000000      0.00679921766277      0.08311981077387      1.04123008470622      0.63788937569541      0.31159173564014      0.07839925473230
      0.18430000498923      0.15000000000000      0.17000000000000      0.00681253441144      0.08307892109751      1.04293008480684      0.63776109598277      0.30013967267989      0.07843204597220
      0.18440000499515      0.15000000000000      0.17000000000000      0.00682676036377      0.08280185794145      1.04463008490745      0.63777500548839      0.29277627094589      0.07870100355462
      0.18450000500107      0.15000000000000      0.17000000000000      0.00684116559569      0.08192779975520      1.04633008500806      0.63779448612751      0.28181245693734      0.07956666483527
      0.18460000500698      0.15000000000000      0.17000000000000      0.00685556908138      0.08159722555196      1.04803008510868      0.63783390745786      0.26451479414257      0.07988835874186
      0.18470000501290      0.15000000000000      0.17000000000000      0.00686791725457      0.08143880408751      1.04973008520929      0.63792170929022      0.25930231631650      0.08003842171907
      0.18480000501882      0.15000000000000      0.17000000000000      0.00688000698574      0.08113716676858      1.05143008530990      0.63797440867603      0.26045706576923      0.08033200361889
      0.18490000502474      0.15000000000000      0.17000000000000      0.00689374166541      0.08079793135161      1.05313008541051      0.63811503716464      0.25560750051169      0.08066264998683
      0.18500000503066      0.15000000000000      0.17000000000000      0.00690877670422      0.08024445031559      1.05483008551113      0.63824905163149      0.24684340906735      0.08120751795139
      0.18510000503658      0.15000000000000      0.17000000000000      0.00692332047038      0.08032888606426      1.03222872589585      0.63839718076643      0.24491061902783      0.08111478806210
      0.18520000504250      0.15000000000000      0.17000000000000      0.00693750916980      0.07972996212495      1.00692872439849      0.63856958581238      0.24146193829923      0.08170545203234
      0.18530000504841      0.15000000000000      0.17000000000000      0.00695183174685      0.07966158610321      0.98162872290113      0.63847912571598      0.23157167052466      0.08176530966397
      0.18540000505433      0.15000000000000      0.17000000000000      0.00696421309840      0.07957009358736      0.95632872140377      0.63847928369190      0.23253642734347      0.08184904404579
      0.18550000506025      0.15000000000000      0.17000000000000      0.00697777722962      0.07973579352685      0.93102871990641      0.63848864813375      0.23808980289297      0.08167586123794
      0.18560000506617      0.15000000000000      0.17000000000000      0.00699200667441      0.07998761323066      0.90572871840905      0.63844959009965      0.23398539296895      0.08141612599623
      0.18570000507209      0.15000000000000      0.17000000000000      0.00700495962519      0.07934179010270      0.88042871691169      0.63852833659034      0.23560327633312      0.08205429769616
      0.18580000507801      0.15000000000000      0.17000000000000      0.00701864832081      0.07896483236896      0.85512871541433      0.63869479087068      0.23236409026022      0.08242353651311
      0.18590000508392      0.15000000000000      0.17000000000000      0.00703223748133      0.07877187354495      0.82982871391697      0.63871611090675      0.22675377120247      0.08260881387649
      0.18600000508984      0.15000000000000      0.17000000000000      0.00704461068381      0.07890460121367      0.80452871241961      0.63896495989508      0.22953780767704      0.08246888997450
      0.18610000509576      0.15000000000000      0.17000000000000      0.00705659913365      0.07902049490053      0.78561907267924      0.63910898802881      0.22701154078471      0.08234417277387
      0.18620000510168      0.15000000000000      0.17000000000000      0.00706879363861      0.07881315032328      0.76741907160209      0.63931038362057      0.22399050972046      0.08254353461648
      0.18630000510760      0.15000000000000      0.17000000000000      0.00708076171577      0.07846236902223      0.74921907052494      0.63949659790414      0.22468531757496      0.08288651171113
      0.18640000511352      0.15000000000000      0.17000000000000      0.00709276355337      0.07863348917322      0.73101906944779      0.63971414913187      0.22548992001019      0.08270768545346
      0.18650000511943      0.15000000000000      0.17000000000000      0.00710413092747      0.07825963092137      0.71281906837063      0.63984167177935      0.22611016127548      0.08307399213835
      0.18660000512535      0.15000000000000      0.17000000000000      0.00711523171049      0.07816160447978      0.69461906729348      0.63997812420135      0.22766969839322      0.08316434029658
      0.18670000513127      0.15000000000000      0.17000000000000      0.00712686975021      0.07817887705811      0.67641906621633      0.64020166736204      0.23022436065931      0.08313949881087
      0.18680000513719      0.15000000000000      0.17000000000000      0.00713928544428      0.07796498154903      0.65821906513918      0.64036857437254      0.23094377120696      0.08334588386570
      0.18690000514311      0.15000000000000      0.17000000000000      0.00715143454727      0.07801474648486      0.64001906406202      0.64043648949833      0.22560162850106      0.08328849628846
      0.18700000514903      0.15000000000000      0.17000000000000      0.00716310052667      0.07772356379906      0.62181906298487      0.64047082224294      0.22721914426266      0.08357200006311
      0.18710000515495      0.15000000000000      0.17000000000000      0.00717503076885      0.07815753045050      0.65609206689563      0.64033433199348      0.22810641345711      0.08313045894836
      0.18720000516086      0.15000000000000      0.17000000000000      0.00718683761079      0.07808050920257      0.69619206926892      0.64013816594496      0.22934234966985      0.08319984744432
      0.18730000516678      0.15000000000000      0.17000000000000      0.00719897740055      0.07772909923228      0.73629207164221      0.63987428045897      0.22480463938202      0.08354339452203
      0.18740000517270      0.15000000000000      0.17000000000000      0.00721140415408      0.07765445105127      0.77639207401549      0.63943616210468      0.22280927703743      0.08361012831774
      0.18750000517862      0.15000000000000      0.17000000000000      0.00722316384781      0.07830033544413      0.81649207638878      0.63903216484624      0.22467932140454      0.08295661275225
      0.18760000518454      0.15000000000000      0.17000000000000      0.00723259407096      0.07842187336212      0.85659207876207      0.63867414384829      0.23842773287217      0.08282809010149
      0.18770000519046      0.15000000000000      0.17000000000000      0.00724193989299      0.07797192044958      0.89669208113536      0.63834396689902      0.25097084191499      0.08327115481540
      0.18780000519637      0.15000000000000      0.17000000000000      0.00725390214939      0.07763157993451      0.93679208350864      0.63818000844163      0.24434502722861      0.08360159594584
      0.18790000520229      0.15000000000000      0.17000000000000      0.00726394762751      0.07776277213670      0.97689208588193      0.63800237458219      0.23950114663412      0.08346283929236
      0.18800000520821      0.15000000000000      0.17000000000000      0.00727363396436      0.07751906040988      1.01699208825522      0.63792944143553      0.24639952035222      0.08369929089285
      0.18810000521413      0.15000000000000      0.17000000000000      0.00728267477825      0.07735241157262      1.00371899900082      0.63797001080893      0.24956209267903      0.08385885620680
      0.18820000522005      0.15000000000000      0.17000000000000      0.00729098450392      0.07738629752664      0.98451899786448      0.63814741475073      0.25427324904894      0.08381769414920
      0.18830000522597      0.15000000000000      0.17000000000000      0.00730013765860      0.07716847503258      0.96531899672814      0.63836402247260      0.25138349511918      0.08402766100916
      0.18840000523188      0.15000000000000      0.17000000000000      0.00731056148652      0.07619236809297      0.94611899559181      0.63853251464324      0.24190142079677      0.08499533647642
      0.18850000523780      0.15000000000000      0.17000000000000      0.00732071290258      0.07660123230091      0.92691899445547      0.63864427014418      0.23619435071849      0.08457851904777
      0.18860000524372      0.15000000000000      0.17000000000000      0.00732984626666      0.07678433947204      0.90771899331913      0.63860892775293      0.24137658000588      0.08438759410863
      0.18870000524964      0.15000000000000      0.17000000000000      0.00733862514608      0.07745793572297      0.88851899218280      0.63867485732949      0.25131590232242      0.08370649001581
      0.18880000525556      0.15000000000000      0.17000000000000      0.00734769797418      0.07743972578821      0.86931899104646      0.63855318728855      0.25542713455851      0.08371664643090
      0.18890000526148      0.15000000000000      0.17000000000000      0.00735778186936      0.07678190404223      0.85011898991012      0.63829612860616      0.25140187710693      0.08436629533465
      0.18900000526740      0.15000000000000      0.17000000000000      0.00736812246032      0.07620835672592      0.83091898877378      0.63776038636459      0.24314393821477      0.08493163693958
      0.18910000527331      0.15000000000000      0.17000000000000      0.00737862486858      0.07630277192939      0.80406853945611      0.63746461490147      0.23102619499454      0.08482858887451
      0.18920000527923      0.15000000000000      0.17000000000000      0.00738663715310      0.07692611247174      0.77636853781671      0.63730117711194      0.24258819897394      0.08419764072374
      0.18930000528515      0.15000000000000      0.17000000000000      0.00739406852517      0.07755901302470      0.74866853617730      0.63701241050474      0.25760481042787      0.08355721069035
      0.18940000529107      0.15000000000000      0.17000000000000      0.00740248011425      0.07756289738505      0.72096853453790      0.63690016233658      0.26142366455377      0.08354530667015
      0.18950000529699      0.15000000000000      0.17000000000000      0.00741121824831      0.07777772992999      0.69326853289850      0.63696094645380      0.26120953397860      0.08332206729528
      0.18960000530291      0.15000000000000      0.17000000000000      0.00742045114748      0.07789474405935      0.66556853125910      0.63687757019136      0.26332845000921      0.08319664866657
      0.18970000530882      0.15000000000000      0.17000000000000      0.00742948846892      0.07780231687302      0.63786852961969      0.63690293318977      0.26099137587079      0.08328114203054
      0.18980000531474      0.15000000000000      0.17000000000000      0.00743733020499      0.07792835088124      0.61016852798029      0.63696286745470      0.26731146758534      0.08314676136992
      0.18990000532066      0.15000000000000      0.17000000000000      0.00744601187762      0.07842403870210      0.58246852634089      0.63708343367030      0.26576881174797      0.08264199564830
      0.19000000532658      0.15000000000000      0.17000000000000      0.00745438563172      0.07869694333318      0.55476852470148      0.63700702573209      0.26846240422609      0.08236004729772
      0.19010000533250      0.15000000000000      0.17000000000000      0.00746770936530      0.07873302725966      0.57243121034263      0.63693570597397      0.27171589196349      0.08231474467802
      0.19020000533842      0.15000000000000      0.17000000000000      0.00747483689338      0.07959804836029      0.59513121168611      0.63691805076402      0.28187136051798      0.08144095108646
      0.19030000534433      0.15000000000000      0.17000000000000      0.00748108432163      0.07977880012173      0.61783121302959      0.63680499789170      0.30069166988594      0.08125199270718
      0.19040000535025      0.15000000000000      0.17000000000000      0.00748768972699      0.07961823352725      0.64053121437307      0.63674073135598      0.30594031856736      0.08140394290624
      0.19050000535617      0.15000000000000      0.17000000000000      0.00749379978515      0.07960777584234      0.66323121571655      0.63673465879446      0.31688690112019      0.08140586878239
      0.19060000536209      0.15000000000000      0.17000000000000      0.00748816470150      0.07947728127961      0.68593121706003      0.63656410671593      0.31729543490650      0.08152823507345
      0.19070000536801      0.15000000000000      0.17000000000000      0.00751364161260      0.07980874442209      0.70863121840352      0.63677443186884      0.30669646323039      0.08118758457729
      0.19080000537393      0.15000000000000      0.17000000000000      0.00751788960770      0.07959213665495      0.73133121974700      0.63678919202555      0.31297770648196      0.08139541786578
      0.19090000537985      0.15000000000000      0.17000000000000      0.00750852748752      0.07963737441175      0.75403122109048      0.63636918928377      0.31398026229002      0.08134158416112
      0.19100000538576      0.15000000000000      0.17000000000000      0.00753257481847      0.07996444302220      0.77673122243396      0.63614575600889      0.30381810999990      0.08100489742581
      0.19110000539168      0.15000000000000      0.17000000000000      0.00753609929234      0.08107668822692      0.77674986522275      0.63628213328885      0.33929723833703      0.07988504360528
      0.19120000539760      0.15000000000000      0.17000000000000      0.00752527674194      0.08184689332317      0.77424986507479      0.63634618345424      0.34930794462780      0.07910676709459
      0.19130000540352      0.15000000000000      0.17000000000000      0.00754853128456      0.08200644178478      0.77174986492683      0.63629315678962      0.35047272754571      0.07893815005385
      0.19140000540944      0.15000000000000      0.17000000000000      0.00755221408326      0.08210203941273      0.76924986477887      0.63562940042050      0.36481726628752      0.07883444949922
      0.19150000541536      0.15000000000000      0.17000000000000      0.00754039676394      0.08211154708484      0.76674986463091      0.63478022622021      0.36884049856049      0.07881676301396
      0.19160000542127      0.15000000000000      0.17000000000000      0.00756408728193      0.08268146583403      0.76424986448295      0.63425608020599      0.35051392535145      0.07823706528241
      0.19170000542719      0.15000000000000      0.17000000000000      0.00756880268455      0.08241329559161      0.76174986433499      0.63393001846239      0.36496788033340      0.07849644979610
      0.19180000543311      0.15000000000000      0.17000000000000      0.00755757850129      0.08204291840137      0.75924986418703      0.63364794222953      0.35947886627859      0.07885782867426
      0.19190000543903      0.15000000000000      0.17000000000000      0.00757918518502      0.08189630086107      0.75674986403906      0.63342280661528      0.34681656257011      0.07899433378720
      0.19200000544495      0.15000000000000      0.17000000000000      0.00758430745918      0.08258195851784      0.75424986389110      0.63345579865059      0.36978033211508      0.07830023121711
      0.19210000545087      0.15000000000000      0.17000000000000      0.00757336267270      0.08324232493242      0.73131862653088      0.63333953795958      0.38013993558630      0.07763118315781
      0.19220000545678      0.15000000000000      0.17000000000000      0.00758316600695      0.08356908760403      0.70611862503944      0.63340102104773      0.38489469915383      0.07729507054851
      0.19230000546270      0.15000000000000      0.17000000000000      0.00758303911425      0.08361621564374      0.68091862354800      0.63341981217182      0.40258286962659      0.07723970882325
      0.19240000546862      0.15000000000000      0.17000000000000      0.00758862937801      0.08391987003369      0.65571862205656      0.63341918719308      0.42207347003116      0.07692790542537
      0.19250000547454      0.15000000000000      0.17000000000000      0.00759426504374      0.08389497215644      0.63051862056512      0.63314758058719      0.42647469883592      0.07694429330335
      0.19260000548046      0.15000000000000      0.17000000000000      0.00759822898544      0.08389713394453      0.60531861907367      0.63269418820816      0.42149509399389      0.07693324525597
      0.19270000548638      0.15000000000000      0.17000000000000      0.00760080292821      0.08399224733631      0.58011861758223      0.63246081815180      0.42432676766606      0.07682967784866
      0.19280000549230      0.15000000000000      0.17000000000000      0.00760260852985      0.08423304013557      0.55491861609079      0.63220088332353      0.43425110989821      0.07658084705327
      0.19290000549821      0.15000000000000      0.17000000000000      0.00760359398555      0.08502259288823      0.52971861459935      0.63185173840790      0.45676633269386      0.07578409692083
      0.19300000550413      0.15000000000000      0.17000000000000      0.00760389200877      0.08482363927520      0.50451861310791      0.63158114650743      0.46267930028133      0.07597506736587
      0.19310000551005      0.15000000000000      0.17000000000000      0.00760527502280      0.08517427805619      0.49866979615004      0.63135124258396      0.47113668959513      0.07561668609585
      0.19320000551597      0.15000000000000      0.17000000000000      0.00760678551160      0.08523076068022      0.49496979593105      0.63140904433017      0.47136086633836      0.07555215055805
      0.19330000552189      0.15000000000000      0.17000000000000      0.00760816794354      0.08472851718068      0.49126979571207      0.63157260339852      0.46602015323628      0.07604591428371
      0.19340000552781      0.15000000000000      0.17000000000000      0.00761017901823      0.08460552134312      0.48756979549309      0.63190151664612      0.46156562206729      0.07616027289292
      0.19350000553372      0.15000000000000      0.17000000000000      0.00761117786169      0.08485385911813      0.48386979527411      0.63163072368307      0.47688530555631      0.07590443757388
      0.19360000553964      0.15000000000000      0.17000000000000      0.00761147064622      0.08497232779804      0.48016979505513      0.63148320206042      0.48477993001882      0.07577836126735
      0.19370000554556      0.15000000000000      0.17000000000000      0.00761295959819      0.08498814048078      0.47646979483615      0.63161452089070      0.47665189049785      0.07575419003554
      0.19380000555148      0.15000000000000      0.17000000000000      0.00761373667046      0.08494749359987      0.47276979461717      0.63142200493017      0.48494161056161      0.07578718150380
      0.19390000555740      0.15000000000000      0.17000000000000      0.00761369767133      0.08515111346087      0.46906979439818      0.63093068752448      0.49214426649187      0.07557628228333
      0.19400000556332      0.15000000000000      0.17000000000000      0.00761379080359      0.08484550989782      0.46536979417920      0.63062563283768      0.48951166223124      0.07587406930635
      0.19410000556923      0.15000000000000      0.17000000000000      0.00761474191677      0.08508782864163      0.49353176525973      0.63048240518672      0.49067484163848      0.07562417528024
      0.19420000557515      0.15000000000000      0.17000000000000      0.00761493050959      0.08432118945237      0.52523176713587      0.63048837723205      0.48438699504338      0.07638285589577
      0.19430000558107      0.15000000000000      0.17000000000000      0.00761664123274      0.08379946002383      0.55693176901201      0.63061248494330      0.47166160655061      0.07689638071939
      0.19440000558699      0.15000000000000      0.17000000000000      0.00761795789003      0.08335965186628      0.58863177088815      0.63078734702596      0.46398533277742      0.07732815716842
      0.19450000559291      0.15000000000000      0.17000000000000      0.00761936942581      0.08356320861059      0.62033177276429      0.63086844671684      0.46456268146920      0.07711678261276
      0.19460000559883      0.15000000000000      0.17000000000000      0.00761958886869      0.08349599022169      0.65203177464043      0.63101609688810      0.46398665426972      0.07717592172074
      0.19470000560475      0.15000000000000      0.17000000000000      0.00762062205467      0.08328786565067      0.68373177651657      0.63099555797042      0.45687964143507      0.07737591362422
      0.19480000561066      0.15000000000000      0.17000000000000      0.00762159470469      0.08294155137605      0.71543177839271      0.63088750514508      0.45979728783237      0.07771459244406
      0.19490000561658      0.15000000000000      0.17000000000000      0.00762268027756      0.08266946548785      0.74713178026885      0.63050872888487      0.45985940494546      0.07797937550340
      0.19500000562250      0.15000000000000      0.17000000000000      0.00762417330407      0.08271965779444      0.77883178214499      0.63027586986089      0.45229378030396      0.07792152428401
      0.19510000562842      0.15000000000000      0.17000000000000      0.00762633571867      0.08217847184687      0.75940858741545      0.63023288681376      0.43981794370413      0.07845458974132
      0.19520000563434      0.15000000000000      0.17000000000000      0.00762855226640      0.08186611180122      0.73430858592992      0.63044204903472      0.43441150201176      0.07875909241849
      0.19530000564026      0.15000000000000      0.17000000000000      0.00763053016271      0.08164917158810      0.70920858444440      0.63056170388746      0.42932972498563      0.07896816698534
      0.19540000564617      0.15000000000000      0.17000000000000      0.00763273797929      0.08127906825980      0.68410858295888      0.63056568377582      0.41644777362555      0.07933021709045
      0.19550000565209      0.15000000000000      0.17000000000000      0.00763525837101      0.08128681407771      0.65900858147335      0.63058693218099      0.41177041760635      0.07931447745240
      0.19560000565801      0.15000000000000      0.17000000000000      0.00763828167692      0.08096490778219      0.63390857998783      0.63055378307542      0.40092752343688      0.07962812859073
      0.19570000566393      0.15000000000000      0.17000000000000      0.00764086609706      0.08108320137552      0.60880857850230      0.63057545938858      0.40271526297427      0.07950194311869
      0.19580000566985      0.15000000000000      0.17000000000000      0.00764310767408      0.08096305296216      0.58370857701678      0.63024930707095      0.40136912075659      0.07961419028282
      0.19590000567577      0.15000000000000      0.17000000000000      0.00764492957387      0.08096290163568      0.55860857553126      0.62992899262848      0.40812784388446      0.07960697371107
      0.19600000568168      0.15000000000000      0.17000000000000      0.00764620723203      0.08097046449339      0.53350857404573      0.63007278684189      0.41570553934151      0.07959212063066
      0.19610000568760      0.15000000000000      0.17000000000000      0.00764751457609      0.08090112957319      0.50732850431608      0.63025193299861      0.41771352934577      0.07965412305296
      0.19620000569352      0.15000000000000      0.17000000000000      0.00764992262702      0.08060667680981      0.48102850275953      0.62995678197344      0.40579277013428      0.07994101318160
      0.19630000569944      0.15000000000000      0.17000000000000      0.00765242381021      0.08040244761556      0.45472850120299      0.62952420923294      0.39838677408537      0.08013776668822
      0.19640000570536      0.15000000000000      0.17000000000000      0.00765439413954      0.08027990239126      0.42842849964644      0.62922859074924      0.40334574137469      0.08025334470022
      0.19650000571128      0.15000000000000      0.17000000000000      0.00765649427194      0.08031600202096      0.40212849808990      0.62897041386585      0.39703448226457      0.08020988045166
      0.19660000571720      0.15000000000000      0.17000000000000      0.00765861768741      0.08026480251134      0.37582849653335      0.62880569080044      0.39434629272588      0.08025389896678
      0.19670000572311      0.15000000000000      0.17000000000000      0.00766052573454      0.08022202387518      0.34952849497681      0.62880819351678      0.39487601678117      0.08028954097660
      0.19680000572903      0.15000000000000      0.17000000000000      0.00766224926338      0.07985293024322      0.32322849342026      0.62885218837756      0.38715803104908      0.08065096273609
      0.19690000573495      0.15000000000000      0.17000000000000      0.00766442273743      0.07964481364279      0.29692849186372      0.62883467476575      0.38215423373285      0.08085162018810
      0.19700000574087      0.15000000000000      0.17000000000000      0.00766683369875      0.07958578105196      0.27062849030717      0.62870913965520      0.37592167763226      0.08090307997392
      0.19710000574679      0.15000000000000      0.17000000000000      0.00766937213484      0.07926664675834      0.30661246511780      0.62869155675127      0.37304526758455      0.08121474642494
      0.19720000575271      0.15000000000000      0.17000000000000      0.00767193443608      0.07915389433786      0.34951246765680      0.62877653120195      0.37425248852063      0.08132049268730
      0.19730000575862      0.15000000000000      0.17000000000000      0.00767391349655      0.07901805257378      0.39241247019580      0.62878679787638      0.37201519399142      0.08144933166250
      0.19740000576454      0.15000000000000      0.17000000000000      0.00767576450016      0.07916549447157      0.43531247273481      0.62878892190756      0.37061637064483      0.08129477316725
      0.19750000577046      0.15000000000000      0.17000000000000      0.00767752295360      0.07952375550739      0.47821247527381      0.62886587911341      0.37708421082645      0.08092957222420
      0.19760000577638      0.15000000000000      0.17000000000000      0.00767898862250      0.07960075984598      0.52111247781281      0.62885358765628      0.38333981444141      0.08084569342332
      0.19770000578230      0.15000000000000      0.17000000000000      0.00768032856286      0.07950799405828      0.56401248035181      0.62881344180582      0.38474252262401      0.08093152152775
      0.19780000578822      0.15000000000000      0.17000000000000      0.00768306083046      0.07940576784581      0.60691248289082      0.62874632094930      0.37649234371171      0.08102659583822
      0.19790000579413      0.15000000000000      0.17000000000000      0.00768563011661      0.07938077159999      0.64981248542982      0.62865643544536      0.37207141310609      0.08104458141642
      0.19800000580005      0.15000000000000      0.17000000000000      0.00768834259361      0.07900868952707      0.69271248796882      0.62879174379997      0.36596967454118      0.08140964293973
      0.19810000580597      0.15000000000000      0.17000000000000      0.00769155623857      0.07943760183935      0.68223904791775      0.62898726271175      0.36547134438129      0.08097386898998
      0.19820000581189      0.15000000000000      0.17000000000000      0.00769393343944      0.07920350807690      0.66583904694713      0.62895751250734      0.36934516514481      0.08120123587335
      0.19830000581781      0.15000000000000      0.17000000000000      0.00769624020904      0.07914702285953      0.64943904597651      0.62887883989718      0.36894041566847      0.08125084820650
      0.19840000582373      0.15000000000000      0.17000000000000      0.00769857317209      0.07971196328954      0.63303904500589      0.62890638042430      0.37136103445497      0.08067930228428
      0.19850000582965      0.15000000000000      0.17000000000000      0.00770063430537      0.07990724274135      0.61663904403527      0.62879891531684      0.37570717215550      0.08047753021581
      0.19860000583556      0.15000000000000      0.17000000000000      0.00770221755374      0.08012443699471      0.60023904306465      0.62881262421006      0.38516626623550      0.08025419553745
      0.19870000584148      0.15000000000000      0.17000000000000      0.00770372280385      0.08039625290577      0.58383904209403      0.62882798131576      0.39020249736787      0.07997618061556
      0.19880000584740      0.15000000000000      0.17000000000000      0.00770542130340      0.08048818296690      0.56743904112341      0.62874791720360      0.38809793468256      0.07987784768612
      0.19890000585332      0.15000000000000      0.17000000000000      0.00770668673795      0.08060248482246      0.55103904015279      0.62845469909436      0.39560770192194      0.07975768584247
      0.19900000585924      0.15000000000000      0.17000000000000      0.00770782644395      0.08048553689557      0.53463903918216      0.62809856514700      0.39644251267086      0.07986863891736
      0.19910000586516      0.15000000000000      0.17000000000000      0.00770950922742      0.08055092094344      0.51058853972362      0.62790755669310      0.39612566971495      0.07979718110122
      0.19920000587107      0.15000000000000      0.17000000000000      0.00771150866058      0.08096587329711      0.48568853824994      0.62772273503850      0.39316275749987      0.07937577404800
      0.19930000587699      0.15000000000000      0.17000000000000      0.00771280087065      0.08100438051800      0.46078853677625      0.62764538082397      0.39854618983377      0.07933100101635
      0.19940000588291      0.15000000000000      0.17000000000000      0.00771400460508      0.08052823971314      0.43588853530256      0.62782051979337      0.39745884615470      0.07980081404602
      0.19950000588883      0.15000000000000      0.17000000000000      0.00771539169364      0.08046757165648      0.41098853382888      0.62791600317869      0.39603176143679      0.07985524512192
      0.19960000589475      0.15000000000000      0.17000000000000      0.00771679100581      0.08065495090122      0.38608853235519      0.62793076931482      0.39544416875930      0.07966158265462
      0.19970000590067      0.15000000000000      0.17000000000000      0.00771804712713      0.08067632305723      0.36118853088150      0.62785442721589      0.39922487516862      0.07963398193940
      0.19980000590658      0.15000000000000      0.17000000000000      0.00771944236476      0.08021824420374      0.33628852940782      0.62776361660331      0.39543643676003      0.08008579093842
      0.19990000591250      0.15000000000000      0.17000000000000      0.00772098137531      0.08028003004001      0.31138852793413      0.62766236428302      0.39586221933776      0.08001781392524
